ets Jul 29 2019 12:21:46

rst:0x1 (POWERON_RESET),boot:0x13 (SPI_FAST_FLASH_BOOT)
configsip: 0, SPIWP:0xee
clk_drv:0x00,q_drv:0x00,d_drv:0x00,cs0_drv:0x00,hd_drv:0x00,wp_drv:0x00
mode:DIO, clock div:2
load:0x3fff0030,len:7080
load:0x40078000,len:15584
load:0x40080400,len:4
ho 8 tail 4 room 4
load:0x40080404,len:3876
entry 0x4008064c
[0;32mI (31) boot: ESP-IDF v5.1.2 2nd stage bootloader[0m
[0;32mI (31) boot: compile time Apr 25 2026 14:11:22[0m
[0;32mI (31) boot: Multicore bootloader[0m
[0;32mI (35) boot: chip revision: v3.1[0m
[0;32mI (39) boot.esp32: SPI Speed      : 40MHz[0m
[0;32mI (44) boot.esp32: SPI Mode       : DIO[0m
[0;32mI (48) boot.esp32: SPI Flash Size : 2MB[0m
[0;32mI (53) boot: Enabling RNG early entropy source...[0m
[0;32mI (58) boot: Partition Table:[0m
[0;32mI (62) boot: ## Label            Usage          Type ST Offset   Length[0m
[0;32mI (69) boot:  0 nvs              WiFi data        01 02 00009000 00006000[0m
[0;32mI (77) boot:  1 phy_init         RF data          01 01 0000f000 00001000[0m
[0;32mI (84) boot:  2 factory          factory app      00 00 00010000 00100000[0m
[0;32mI (92) boot: End of partition table[0m
[0;32mI (96) esp_image: segment 0: paddr=00010020 vaddr=3f400020 size=09930h ( 39216) map[0m
[0;32mI (118) esp_image: segment 1: paddr=00019958 vaddr=3ff80000 size=00004h (     4) load[0m
[0;32mI (119) esp_image: segment 2: paddr=00019964 vaddr=3ffb0000 size=02100h (  8448) load[0m
[0;32mI (128) esp_image: segment 3: paddr=0001ba6c vaddr=40080000 size=045ach ( 17836) load[0m
[0;32mI (140) esp_image: segment 4: paddr=00020020 vaddr=400d0020 size=14d00h ( 85248) map[0m
[0;32mI (172) esp_image: segment 5: paddr=00034d28 vaddr=400845ac size=07b5ch ( 31580) load[0m
[0;32mI (191) boot: Loaded app from partition at offset 0x10000[0m
[0;32mI (192) boot: Disabling RNG early entropy source...[0m
[0;32mI (203) cpu_start: Multicore app[0m
[0;32mI (203) cpu_start: Pro cpu up.[0m
[0;32mI (203) cpu_start: Starting app cpu, entry point is 0x400810f8[0m
[0;32mI (0) cpu_start: App cpu up.[0m
[0;32mI (221) cpu_start: Pro cpu start user code[0m
[0;32mI (221) cpu_start: cpu freq: 160000000 Hz[0m
[0;32mI (221) cpu_start: Application information:[0m
[0;32mI (226) cpu_start: Project name:     pipelined-sample-transmit[0m
[0;32mI (233) cpu_start: App version:      6e089217-dirty[0m
[0;32mI (238) cpu_start: Compile time:     Apr 25 2026 14:11:15[0m
[0;32mI (244) cpu_start: ELF file SHA256:  da6ee665e47c867e...[0m
[0;32mI (250) cpu_start: ESP-IDF:          v5.1.2[0m
[0;32mI (255) cpu_start: Min chip rev:     v0.0[0m
[0;32mI (260) cpu_start: Max chip rev:     v3.99 [0m
[0;32mI (265) cpu_start: Chip rev:         v3.1[0m
[0;32mI (270) heap_init: Initializing. RAM available for dynamic allocation:[0m
[0;32mI (277) heap_init: At 3FFAE6E0 len 00001920 (6 KiB): DRAM[0m
[0;32mI (283) heap_init: At 3FFB29B8 len 0002D648 (181 KiB): DRAM[0m
[0;32mI (289) heap_init: At 3FFE0440 len 00003AE0 (14 KiB): D/IRAM[0m
[0;32mI (295) heap_init: At 3FFE4350 len 0001BCB0 (111 KiB): D/IRAM[0m
[0;32mI (302) heap_init: At 4008C108 len 00013EF8 (79 KiB): IRAM[0m
[0;32mI (309) spi_flash: detected chip: generic[0m
[0;32mI (312) spi_flash: flash io: dio[0m
[0;33mW (316) spi_flash: Detected size(8192k) larger than the size in the binary image header(2048k). Using the size in the binary image header.[0m
[0;32mI (330) app_start: Starting scheduler on CPU0[0m
[0;32mI (335) app_start: Starting scheduler on CPU1[0m
[0;32mI (335) main_task: Started on CPU0[0m
[0;32mI (345) main_task: Calling app_main()[0m
[0;32mI (345) main_task: Returned from app_main()[0m
19
218
320
421
318
426
321
430
323
433
326
437
329
440
331
442
332
443
333
444
333
443
332
442
331
441
330
439
329
438
329
436
326
432
322
426
317
420
313
210
96
216
321
427
324
435
329
441
333
443
333
443
332
440
328
436
325
431
322
425
317
418
311
176
46
162
280
390
278
175
69
195
302
404
303
194
81
186
75
199
305
408
298
186
72
196
297
399
289
167
49
184
303
414
298
183
80
208
315
420
293
176
35
178
293
398
276
140
12
172
287
397
247
95
258
383
266
112
8
169
308
428
318
174
57
195
318
426
307
175
54
190
306
414
289
142
16
138
296
397
248
73
214
340
454
353
480
369
498
379
509
386
516
389
519
390
518
388
514
384
507
377
496
368
472
346
225
80
183
298
409
515
388
521
393
525
397
530
398
530
398
530
398
529
396
526
394
524
392
522
391
520
389
517
387
512
382
505
376
497
370
486
360
470
346
451
330
222
102
0
134
237
349
456
351
478
367
495
377
509
387
524
397
548
419
571
439
589
452
601
450
596
445
589
440
584
434
575
430
569
424
559
415
536
394
502
362
245
115
8
112
216
325
427
532
402
540
407
545
411
550
414
554
416
556
418
559
420
566
426
577
437
589
448
599
453
607
456
609
458
611
459
613
459
613
460
615
461
616
462
615
461
617
462
618
464
622
468
626
471
626
470
632
475
642
484
642
487
643
480
628
461
574
417
523
367
248
133
13
122
237
356
458
351
474
361
484
366
490
369
492
370
492
369
490
366
485
362
478
355
466
345
239
134
30
178
291
418
278
158
34
156
272
398
277
149
32
158
271
379
485
366
490
370
495
372
497
373
497
372
496
371
493
368
487
364
482
359
474
352
461
342
216
85
195
300
401
282
181
54
172
280
391
493
371
495
372
494
371
492
368
489
365
484
362
478
356
470
349
453
333
215
109
0
129
251
362
466
352
472
356
477
359
480
361
483
362
485
365
488
367
490
369
492
369
492
369
492
369
492
369
491
367
490
366
487
364
485
363
483
361
480
359
476
356
471
351
465
346
450
332
227
95
209
318
428
326
439
334
449
341
458
346
465
352
472
356
477
360
481
362
485
365
488
366
490
369
492
369
493
370
493
370
493
369
492
369
492
369
492
370
493
370
493
370
493
370
492
369
493
369
492
369
492
370
493
370
494
371
494
370
493
369
493
369
492
369
492
370
493
370
494
370
494
371
495
371
495
371
494
370
494
370
494
370
494
371
495
371
495
371
494
370
494
370
494
370
494
371
494
370
492
369
491
368
491
368
489
366
488
365
486
364
485
363
485
363
483
362
482
361
482
361
480
360
479
359
477
357
474
355
471
352
467
348
460
342
446
329
220
103
0
118
235
337
438
330
442
333
445
334
446
335
447
336
448
336
448
336
448
336
447
335
446
334
446
334
444
333
443
331
440
329
437
326
434
324
432
323
428
320
425
318
423
315
418
313
416
310
412
308
409
306
409
308
413
311
417
314
422
318
424
319
425
319
424
317
423
317
423
316
420
315
418
313
414
309
410
306
197
307
408
302
404
301
199
89
202
327
431
329
431
319
209
79
194
303
432
331
436
324
427
316
417
308
205
87
191
295
402
296
183
52
200
338
465
356
478
361
485
366
489
368
492
370
493
369
492
369
490
367
487
363
482
359
474
353
465
346
455
337
442
327
223
105
2
126
249
354
455
344
461
348
466
351
470
353
472
355
475
357
477
359
480
360
481
362
483
362
483
362
483
362
483
362
483
363
484
363
483
362
483
362
483
362
482
361
483
362
481
360
478
359
477
356
475
356
474
355
473
354
470
351
468
350
466
348
462
346
458
342
449
333
434
320
219
112
4
105
207
98
213
326
447
343
461
349
468
353
473
357
478
360
481
362
484
364
486
365
488
367
490
368
492
370
492
369
493
370
492
368
492
369
491
368
489
367
488
364
484
362
480
359
476
355
470
350
462
343
453
336
442
327
431
319
420
311
204
96
216
327
431
328
440
333
447
337
454
342
459
347
466
351
470
354
473
356
477
359
480
361
483
363
485
365
488
366
490
368
491
369
493
370
493
370
493
370
491
367
488
365
482
359
473
352
461
340
446
328
212
79
272
421
303
185
56
177
289
439
333
202
92
203
345
466
356
479
362
487
368
492
371
495
372
496
372
494
369
490
366
484
360
474
352
462
342
446
327
219
87
198
339
467
357
480
363
487
368
492
371
495
372
495
370
491
367
485
360
473
351
457
336
223
89
206
325
450
349
470
358
480
362
486
366
491
370
493
371
495
372
496
371
492
369
490
366
485
361
476
355
467
346
453
334
436
321
189
51
152
325
440
329
219
96
250
377
480
364
487
368
493
372
496
372
495
371
490
365
479
355
463
341
240
94
238
387
491
370
492
370
491
367
484
361
473
350
455
333
220
115
4
116
312
446
332
182
50
152
253
414
294
163
60
187
308
409
301
149
38
168
352
455
341
227
120
4
142
337
455
351
453
332
190
64
221
371
477
362
486
367
491
370
495
373
497
373
497
373
495
370
490
365
482
358
471
350
459
338
441
325
215
114
6
128
265
382
484
366
490
369
493
371
496
372
494
370
490
366
483
359
470
347
451
331
192
82
241
401
284
131
20
127
330
454
340
230
77
213
360
470
357
478
361
486
367
490
369
490
369
495
370
491
368
486
365
480
354
464
343
445
326
191
83
235
396
277
142
30
135
243
406
304
197
46
179
354
459
347
458
342
448
331
218
107
0
161
339
449
341
456
344
460
346
459
344
455
339
444
329
223
99
255
376
274
160
26
144
307
411
294
150
39
215
371
268
166
51
154
334
450
341
457
345
459
345
455
339
442
327
219
114
2
149
327
447
339
454
343
458
345
457
342
449
334
435
320
192
51
158
270
399
295
190
64
177
294
421
307
181
41
192
327
439
335
450
340
455
344
457
344
459
344
456
341
451
338
444
329
431
318
191
62
219
345
453
342
459
346
462
348
462
346
459
343
454
338
444
329
432
318
202
70
176
306
410
307
201
92
202
304
420
309
196
50
211
356
458
346
462
348
462
346
458
341
447
331
433
319
207
68
231
358
461
347
462
347
461
345
456
339
447
332
436
322
218
89
200
313
424
322
427
318
421
313
206
85
231
347
453
343
459
347
463
348
463
348
460
344
452
335
438
323
189
82
205
359
460
346
463
349
463
346
457
340
446
330
209
101
0
124
300
416
301
182
52
207
308
418
315
211
107
2
152
287
391
283
182
59
172
303
428
322
423
312
196
82
215
341
443
335
449
339
454
342
459
345
462
348
464
349
466
349
466
349
464
347
460
343
455
339
448
333
439
326
428
316
210
96
206
340
444
337
453
341
458
345
462
349
465
350
465
348
462
345
457
341
450
335
440
326
427
315
190
59
196
301
421
308
177
44
188
327
433
329
441
334
447
337
451
339
454
342
458
344
460
346
463
348
464
349
466
350
467
350
467
350
467
350
468
351
467
350
467
350
468
351
467
351
467
351
467
350
466
350
466
350
466
349
466
349
466
349
465
349
465
349
465
348
465
348
465
349
465
348
464
348
465
348
464
348
464
349
465
348
465
348
464
348
464
348
464
348
463
347
463
347
463
347
463
348
464
348
462
346
462
346
460
344
460
345
460
345
459
344
458
343
456
341
455
341
454
339
452
338
450
337
449
336
447
335
445
333
442
330
439
327
435
325
431
322
428
319
424
317
421
314
417
311
412
307
198
73
209
312
418
315
212
86
204
339
443
335
449
339
455
344
461
347
464
349
466
350
467
350
467
350
467
350
464
347
461
344
456
339
448
333
440
327
430
318
202
83
190
324
428
549
429
590
472
602
461
600
430
566
406
538
408
538
399
514
377
171
47
